   1.0000000e+00   9.9998085e-01   1.9148647e-05   0.0000000e+00   0.0000000e+00
   2.0000000e+00   9.9997399e-01   2.4951637e-05   6.3730341e-08   9.9890240e-07
   3.0000000e+00   9.9996505e-01   3.2500655e-05   1.4684382e-07   2.3016140e-06
   4.0000000e+00   9.9995347e-01   4.2283044e-05   2.5487321e-07   3.9948549e-06
   5.0000000e+00   9.9993847e-01   5.4939706e-05   3.9523425e-07   6.1948584e-06
   6.0000000e+00   9.9991907e-01   7.1299473e-05   5.7771478e-07   9.0550382e-06
   7.0000000e+00   9.9989404e-01   9.2379103e-05   8.1447476e-07   1.2765988e-05
   8.0000000e+00   9.9986187e-01   1.1943008e-04   1.1214838e-06   1.7578015e-05
   9.0000000e+00   9.9982077e-01   1.5394285e-04   1.5166052e-06   2.3771105e-05
   1.0000000e+01   9.9976842e-01   1.9784951e-04   2.0232114e-06   3.1711593e-05
   1.1000000e+01   9.9970179e-01   2.5363675e-04   2.6734652e-06   4.1903601e-05
   1.2000000e+01   9.9961716e-01   3.2434591e-04   3.5083205e-06   5.4989032e-05
   1.3000000e+01   9.9951010e-01   4.1357289e-04   4.5775216e-06   7.1747572e-05
   1.4000000e+01   9.9937550e-01   5.2546821e-04   5.9396034e-06   9.3096694e-05
   1.5000000e+01   9.9920743e-01   6.6478422e-04   7.6636073e-06   1.2011854e-04
   1.6000000e+01   9.9899852e-01   8.3741926e-04   9.8393506e-06   1.5422091e-04
   1.7000000e+01   9.9873999e-01   1.0503979e-03   1.2571367e-05   1.9704223e-04
   1.8000000e+01   9.9842162e-01   1.3117771e-03   1.5989295e-05   2.5061446e-04
   1.9000000e+01   9.9803169e-01   1.6306651e-03   2.0249631e-05   3.1739051e-04
   2.0000000e+01   9.9755700e-01   2.0172214e-03   2.5535734e-05   4.0024430e-04
   2.1000000e+01   9.9698281e-01   2.4826566e-03   3.2057824e-05   5.0247082e-04
   2.2000000e+01   9.9629280e-01   3.0392165e-03   4.0061802e-05   6.2792430e-04
   2.3000000e+01   9.9546843e-01   3.7006560e-03   4.9833070e-05   7.8107808e-04
   2.4000000e+01   9.9448993e-01   4.4813697e-03   6.1695340e-05   9.6700601e-04
   2.5000000e+01   9.9333654e-01   5.3959680e-03   7.6016430e-05   1.1914732e-03
   2.6000000e+01   9.9198658e-01   6.4592771e-03   9.3208265e-05   1.4609361e-03
   2.7000000e+01   9.9041746e-01   7.6862789e-03   1.1372661e-04   1.7825385e-03
   2.8000000e+01   9.8860678e-01   9.0910813e-03   1.3806843e-04   2.1640694e-03
   2.9000000e+01   9.8653179e-01   1.0687432e-02   1.6677453e-04   2.6140058e-03
   3.0000000e+01   9.8417155e-01   1.2486757e-02   2.0041488e-04   3.1412809e-03
   3.1000000e+01   9.8150762e-01   1.4497566e-02   2.3958510e-04   3.7552307e-03
   3.2000000e+01   9.7852405e-01   1.6725449e-02   2.8490652e-04   4.4655937e-03
   3.3000000e+01   9.7520740e-01   1.9173071e-02   3.3702548e-04   5.2825006e-03
   3.4000000e+01   9.7154837e-01   2.1839151e-02   3.9657696e-04   6.2159039e-03
   3.5000000e+01   9.6754278e-01   2.4717220e-02   4.6419905e-04   7.2758051e-03
   3.6000000e+01   9.6319164e-01   2.7796167e-02   5.4049735e-04   8.4716964e-03
   3.7000000e+01   9.5850158e-01   3.1060204e-02   6.2602133e-04   9.8121899e-03
   3.8000000e+01   9.5348485e-01   3.4488865e-02   7.2126427e-04   1.1305017e-02
   3.9000000e+01   9.4815930e-01   3.8057006e-02   8.2666328e-04   1.2957030e-02
   4.0000000e+01   9.4254840e-01   4.1734807e-02   9.4259931e-04   1.4774198e-02
   4.1000000e+01   9.3667863e-01   4.5490703e-02   1.0693763e-03   1.6761288e-02
   4.2000000e+01   9.3058329e-01   4.9288819e-02   1.2071500e-03   1.8920736e-02
   4.3000000e+01   9.2430279e-01   5.3088023e-02   1.3559634e-03   2.1253222e-02
   4.4000000e+01   9.1787751e-01   5.6848899e-02   1.5157582e-03   2.3757828e-02
   4.5000000e+01   9.1134779e-01   6.0533795e-02   1.6863738e-03   2.6432038e-02
   4.6000000e+01   9.0475389e-01   6.4106825e-02   1.8675479e-03   2.9271742e-02
   4.7000000e+01   8.9813598e-01   6.7533870e-02   2.0589163e-03   3.2271228e-02
   4.8000000e+01   8.9153422e-01   7.0782576e-02   2.2600128e-03   3.5423193e-02
   4.9000000e+01   8.8498865e-01   7.3822354e-02   2.4702693e-03   3.8718731e-02
   5.0000000e+01   8.7853929e-01   7.6624315e-02   2.6890180e-03   4.2147374e-02
   5.1000000e+01   8.7222758e-01   7.9156097e-02   2.9157156e-03   4.5700607e-02
   5.2000000e+01   8.6608241e-01   8.1402118e-02   3.1495632e-03   4.9365909e-02
   5.3000000e+01   8.6012500e-01   8.3357629e-02   3.3895731e-03   5.3127798e-02
   5.4000000e+01   8.5437404e-01   8.5019852e-02   3.6347910e-03   5.6971317e-02
   5.5000000e+01   8.4884569e-01   8.6387975e-02   3.8842963e-03   6.0882035e-02
   5.6000000e+01   8.4355359e-01   8.7463155e-02   4.1372019e-03   6.4846051e-02
   5.7000000e+01   8.3850884e-01   8.8248518e-02   4.3926545e-03   6.8849986e-02
   5.8000000e+01   8.3372001e-01   8.8749158e-02   4.6498343e-03   7.2880993e-02
   5.9000000e+01   8.2919316e-01   8.8972135e-02   4.9079550e-03   7.6926749e-02
   6.0000000e+01   8.2493180e-01   8.8926482e-02   5.1662641e-03   8.0975458e-02
   6.1000000e+01   8.2093691e-01   8.8623196e-02   5.4240427e-03   8.5015852e-02
   6.2000000e+01   8.1720696e-01   8.8075243e-02   5.6806054e-03   8.9037187e-02
   6.3000000e+01   8.1373789e-01   8.7297560e-02   5.9353005e-03   9.3029250e-02
   6.4000000e+01   8.1052309e-01   8.6307049e-02   6.1875098e-03   9.6982352e-02
   6.5000000e+01   8.0755344e-01   8.5122581e-02   6.4366489e-03   1.0088733e-01
   6.6000000e+01   8.0481728e-01   8.3764997e-02   6.6821668e-03   1.0473555e-01
   6.7000000e+01   8.0230044e-01   8.2257105e-02   6.9235463e-03   1.0851891e-01
   6.8000000e+01   7.9998852e-01   8.0621639e-02   7.1602868e-03   1.1222955e-01
   6.9000000e+01   7.9787411e-01   7.8873092e-02   7.3919638e-03   1.1586083e-01
   7.0000000e+01   7.9594493e-01   7.7027599e-02   7.6183465e-03   1.1940913e-01
   7.1000000e+01   7.9418845e-01   7.5100921e-02   7.8392398e-03   1.2287139e-01
   7.2000000e+01   7.9259267e-01   7.3107921e-02   8.0544732e-03   1.2624493e-01
   7.3000000e+01   7.9114606e-01   7.1062566e-02   8.2639008e-03   1.2952748e-01
   7.4000000e+01   7.8983755e-01   6.8977927e-02   8.4674013e-03   1.3271712e-01
   7.5000000e+01   7.8865659e-01   6.6866181e-02   8.6648781e-03   1.3581235e-01
   7.6000000e+01   7.8759310e-01   6.4738606e-02   8.8562593e-03   1.3881204e-01
   7.7000000e+01   7.8663747e-01   6.2605585e-02   9.0414975e-03   1.4171544e-01
   7.8000000e+01   7.8578062e-01   6.0476607e-02   9.2205700e-03   1.4452221e-01
   7.9000000e+01   7.8501390e-01   5.8360263e-02   9.3934787e-03   1.4723236e-01
   8.0000000e+01   7.8432918e-01   5.6264248e-02   9.5602503e-03   1.4984632e-01
   8.1000000e+01   7.8371881e-01   5.4195361e-02   9.7209361e-03   1.5236489e-01
   8.2000000e+01   7.8317562e-01   5.2159507e-02   9.8756117e-03   1.5478926e-01
   8.3000000e+01   7.8269293e-01   5.0161692e-02   1.0024378e-02   1.5712100e-01
   8.4000000e+01   7.8226453e-01   4.8206027e-02   1.0167360e-02   1.5936208e-01
   8.5000000e+01   7.8188450e-01   4.6295902e-02   1.0304709e-02   1.6151489e-01
   8.6000000e+01   7.8154763e-01   4.4433865e-02   1.0436587e-02   1.6358192e-01
   8.7000000e+01   7.8124984e-01   4.2621558e-02   1.0563138e-02   1.6556547e-01
   8.8000000e+01   7.8098728e-01   4.0860363e-02   1.0684510e-02   1.6746784e-01
   8.9000000e+01   7.8075638e-01   3.9151415e-02   1.0800851e-02   1.6929136e-01
   9.0000000e+01   7.8055375e-01   3.7495599e-02   1.0912309e-02   1.7103834e-01
   9.1000000e+01   7.8037628e-01   3.5893553e-02   1.1019034e-02   1.7271113e-01
   9.2000000e+01   7.8022108e-01   3.4345668e-02   1.1121175e-02   1.7431208e-01
   9.3000000e+01   7.8008550e-01   3.2852085e-02   1.1218882e-02   1.7584353e-01
   9.4000000e+01   7.7996711e-01   3.1412699e-02   1.1312308e-02   1.7730788e-01
   9.5000000e+01   7.7986374e-01   3.0027156e-02   1.1401604e-02   1.7870750e-01
   9.6000000e+01   7.7977344e-01   2.8694854e-02   1.1486923e-02   1.8004478e-01
   9.7000000e+01   7.7969450e-01   2.7414943e-02   1.1568419e-02   1.8132213e-01
   9.8000000e+01   7.7962545e-01   2.6186325e-02   1.1646245e-02   1.8254198e-01
   9.9000000e+01   7.7956505e-01   2.5007655e-02   1.1720557e-02   1.8370673e-01
   1.0000000e+02   7.7951230e-01   2.3877339e-02   1.1791511e-02   1.8481885e-01
   1.0100000e+02   7.7946643e-01   2.2793535e-02   1.1859262e-02   1.8588077e-01
   1.0200000e+02   7.7942691e-01   2.1754154e-02   1.1923968e-02   1.8689497e-01
   1.0300000e+02   7.7939292e-01   2.0757703e-02   1.1985767e-02   1.8786361e-01
   1.0400000e+02   7.7936344e-01   1.9803482e-02   1.2044764e-02   1.8878832e-01
   1.0500000e+02   7.7933795e-01   1.8890212e-02   1.2101065e-02   1.8967077e-01
   1.0600000e+02   7.7931600e-01   1.8016606e-02   1.2154775e-02   1.9051262e-01
   1.0700000e+02   7.7929716e-01   1.7181372e-02   1.2205998e-02   1.9131547e-01
   1.0800000e+02   7.7928101e-01   1.6383215e-02   1.2254835e-02   1.9208094e-01
   1.0900000e+02   7.7926720e-01   1.5620832e-02   1.2301386e-02   1.9281058e-01
   1.1000000e+02   7.7925541e-01   1.4892914e-02   1.2345750e-02   1.9350593e-01
   1.1100000e+02   7.7924532e-01   1.4198151e-02   1.2388022e-02   1.9416850e-01
   1.1200000e+02   7.7923669e-01   1.3535223e-02   1.2428298e-02   1.9479979e-01
   1.1300000e+02   7.7922929e-01   1.2902807e-02   1.2466671e-02   1.9540124e-01
   1.1400000e+02   7.7922291e-01   1.2299576e-02   1.2503231e-02   1.9597428e-01
   1.1500000e+02   7.7921741e-01   1.1724195e-02   1.2538069e-02   1.9652033e-01
   1.1600000e+02   7.7921266e-01   1.1175326e-02   1.2571272e-02   1.9704074e-01
   1.1700000e+02   7.7920856e-01   1.0651624e-02   1.2602926e-02   1.9753689e-01
   1.1800000e+02   7.7920507e-01   1.0151740e-02   1.2633116e-02   1.9801007e-01
   1.1900000e+02   7.7920215e-01   9.6743621e-03   1.2661921e-02   1.9846157e-01
   1.2000000e+02   7.7919967e-01   9.2187138e-03   1.2689397e-02   1.9889222e-01
   1.2100000e+02   7.7919755e-01   8.7840335e-03   1.2715594e-02   1.9930282e-01
   1.2200000e+02   7.7919575e-01   8.3695001e-03   1.2740563e-02   1.9969419e-01
   1.2300000e+02   7.7919423e-01   7.9743058e-03   1.2764355e-02   2.0006711e-01
   1.2400000e+02   7.7919296e-01   7.5976559e-03   1.2787021e-02   2.0042237e-01
   1.2500000e+02   7.7919189e-01   7.2387695e-03   1.2808609e-02   2.0076074e-01
   1.2600000e+02   7.7919099e-01   6.8968785e-03   1.2829167e-02   2.0108297e-01
   1.2700000e+02   7.7919024e-01   6.5712284e-03   1.2848743e-02   2.0138979e-01
   1.2800000e+02   7.7918961e-01   6.2610782e-03   1.2867382e-02   2.0168193e-01
   1.2900000e+02   7.7918907e-01   5.9656999e-03   1.2885129e-02   2.0196010e-01
   1.3000000e+02   7.7918862e-01   5.6843790e-03   1.2902028e-02   2.0222497e-01
   1.3100000e+02   7.7918824e-01   5.4164144e-03   1.2918122e-02   2.0247722e-01
   1.3200000e+02   7.7918791e-01   5.1611181e-03   1.2933452e-02   2.0271752e-01
   1.3300000e+02   7.7918763e-01   4.9178157e-03   1.2948061e-02   2.0294650e-01
   1.3400000e+02   7.7918739e-01   4.6858460e-03   1.2961988e-02   2.0316478e-01
   1.3500000e+02   7.7918719e-01   4.4645611e-03   1.2975271e-02   2.0337298e-01
   1.3600000e+02   7.7918703e-01   4.2534218e-03   1.2987944e-02   2.0357161e-01
   1.3700000e+02   7.7918689e-01   4.0521051e-03   1.3000026e-02   2.0376098e-01
   1.3800000e+02   7.7918678e-01   3.8602159e-03   1.3011541e-02   2.0394147e-01
   1.3900000e+02   7.7918668e-01   3.6773640e-03   1.3022513e-02   2.0411344e-01
   1.4000000e+02   7.7918660e-01   3.5031671e-03   1.3032965e-02   2.0427727e-01
   1.4100000e+02   7.7918654e-01   3.3372507e-03   1.3042919e-02   2.0443329e-01
   1.4200000e+02   7.7918648e-01   3.1792479e-03   1.3052399e-02   2.0458187e-01
   1.4300000e+02   7.7918644e-01   3.0288000e-03   1.3061424e-02   2.0472333e-01
   1.4400000e+02   7.7918640e-01   2.8855560e-03   1.3070017e-02   2.0485802e-01
   1.4500000e+02   7.7918638e-01   2.7491728e-03   1.3078199e-02   2.0498625e-01
   1.4600000e+02   7.7918635e-01   2.6193150e-03   1.3085988e-02   2.0510835e-01
   1.4700000e+02   7.7918633e-01   2.4956552e-03   1.3093406e-02   2.0522461e-01
   1.4800000e+02   7.7918631e-01   2.3778737e-03   1.3100471e-02   2.0533534e-01
   1.4900000e+02   7.7918630e-01   2.2656589e-03   1.3107202e-02   2.0544084e-01
   1.5000000e+02   7.7918628e-01   2.1587068e-03   1.3113617e-02   2.0554139e-01
   1.5100000e+02   7.7918627e-01   2.0567213e-03   1.3119734e-02   2.0563727e-01
   1.5200000e+02   7.7918626e-01   1.9594331e-03   1.3125569e-02   2.0572873e-01
   1.5300000e+02   7.7918626e-01   1.8667069e-03   1.3131131e-02   2.0581590e-01
   1.5400000e+02   7.7918625e-01   1.7783577e-03   1.3136430e-02   2.0589896e-01
   1.5500000e+02   7.7918625e-01   1.6941887e-03   1.3141478e-02   2.0597809e-01
   1.5600000e+02   7.7918624e-01   1.6140096e-03   1.3146287e-02   2.0605346e-01
   1.5700000e+02   7.7918624e-01   1.5376357e-03   1.3150867e-02   2.0612526e-01
   1.5800000e+02   7.7918624e-01   1.4648884e-03   1.3155230e-02   2.0619364e-01
   1.5900000e+02   7.7918624e-01   1.3955951e-03   1.3159386e-02   2.0625878e-01
   1.6000000e+02   7.7918623e-01   1.3295894e-03   1.3163345e-02   2.0632083e-01
   1.6100000e+02   7.7918623e-01   1.2667107e-03   1.3167116e-02   2.0637994e-01
   1.6200000e+02   7.7918623e-01   1.2068043e-03   1.3170709e-02   2.0643625e-01
   1.6300000e+02   7.7918623e-01   1.1497218e-03   1.3174133e-02   2.0648991e-01
   1.6400000e+02   7.7918623e-01   1.0953251e-03   1.3177395e-02   2.0654105e-01
   1.6500000e+02   7.7918635e-01   1.0433112e-03   1.3180507e-02   2.0658983e-01
   1.6600000e+02   7.7917213e-01   1.0156636e-03   1.3183025e-02   2.0662918e-01
   1.6700000e+02   7.7909307e-01   1.0859160e-03   1.3183589e-02   2.0663743e-01
   1.6800000e+02   7.7901011e-01   1.1586286e-03   1.3184241e-02   2.0664702e-01
   1.6900000e+02   7.7892161e-01   1.2362029e-03   1.3184936e-02   2.0665725e-01
   1.7000000e+02   7.7882719e-01   1.3189595e-03   1.3185678e-02   2.0666817e-01
   1.7100000e+02   7.7872647e-01   1.4072401e-03   1.3186470e-02   2.0667982e-01
   1.7200000e+02   7.7861902e-01   1.5014124e-03   1.3187315e-02   2.0669225e-01
   1.7300000e+02   7.7850441e-01   1.6018694e-03   1.3188216e-02   2.0670551e-01
   1.7400000e+02   7.7838214e-01   1.7090300e-03   1.3189177e-02   2.0671966e-01
   1.7500000e+02   7.7825171e-01   1.8233401e-03   1.3190203e-02   2.0673475e-01
   1.7600000e+02   7.7811253e-01   1.9453125e-03   1.3191298e-02   2.0675086e-01
   1.7700000e+02   7.7796405e-01   2.0754375e-03   1.3192466e-02   2.0676805e-01
   1.7800000e+02   7.7780568e-01   2.2142187e-03   1.3193712e-02   2.0678639e-01
   1.7900000e+02   7.7763680e-01   2.3622093e-03   1.3195042e-02   2.0680595e-01
   1.8000000e+02   7.7745672e-01   2.5200113e-03   1.3196459e-02   2.0682681e-01
   1.8100000e+02   7.7726470e-01   2.6882759e-03   1.3197971e-02   2.0684906e-01
   1.8200000e+02   7.7705993e-01   2.8677035e-03   1.3199584e-02   2.0687279e-01
   1.8300000e+02   7.7684155e-01   3.0590435e-03   1.3201305e-02   2.0689810e-01
   1.8400000e+02   7.7660866e-01   3.2630944e-03   1.3203140e-02   2.0692511e-01
   1.8500000e+02   7.7636028e-01   3.4807041e-03   1.3205098e-02   2.0695392e-01
   1.8600000e+02   7.7609539e-01   3.7127693e-03   1.3207187e-02   2.0698465e-01
   1.8700000e+02   7.7581290e-01   3.9602360e-03   1.3209415e-02   2.0701744e-01
   1.8800000e+02   7.7551169e-01   4.2240993e-03   1.3211792e-02   2.0705242e-01
   1.8900000e+02   7.7519054e-01   4.5054033e-03   1.3214328e-02   2.0708973e-01
   1.9000000e+02   7.7484817e-01   4.8052792e-03   1.3217032e-02   2.0712952e-01
   1.9100000e+02   7.7448304e-01   5.1250589e-03   1.3219918e-02   2.0717198e-01
   1.9200000e+02   7.7409379e-01   5.4659474e-03   1.3222996e-02   2.0721727e-01
   1.9300000e+02   7.7367893e-01   5.8292295e-03   1.3226278e-02   2.0726556e-01
   1.9400000e+02   7.7323687e-01   6.2163060e-03   1.3229777e-02   2.0731705e-01
   1.9500000e+02   7.7276587e-01   6.6286936e-03   1.3233507e-02   2.0737193e-01
   1.9600000e+02   7.7226406e-01   7.0680249e-03   1.3237483e-02   2.0743044e-01
   1.9700000e+02   7.7172942e-01   7.5360484e-03   1.3241721e-02   2.0749281e-01
   1.9800000e+02   7.7115983e-01   8.0346284e-03   1.3246240e-02   2.0755930e-01
   1.9900000e+02   7.7055300e-01   8.5657454e-03   1.3251058e-02   2.0763019e-01
   2.0000000e+02   7.6990653e-01   9.1314954e-03   1.3256195e-02   2.0770578e-01
   2.0100000e+02   7.6921787e-01   9.7340907e-03   1.3261672e-02   2.0778637e-01
   2.0200000e+02   7.6848433e-01   1.0375859e-02   1.3267512e-02   2.0787229e-01
   2.0300000e+02   7.6770312e-01   1.1059245e-02   1.3273737e-02   2.0796390e-01
   2.0400000e+02   7.6687127e-01   1.1786808e-02   1.3280374e-02   2.0806155e-01
   2.0500000e+02   7.6598571e-01   1.2561223e-02   1.3287447e-02   2.0816562e-01
   2.0600000e+02   7.6504321e-01   1.3385284e-02   1.3294983e-02   2.0827652e-01
   2.0700000e+02   7.6404039e-01   1.4261919e-02   1.3303013e-02   2.0839467e-01
   2.0800000e+02   7.6297347e-01   1.5194359e-02   1.3311572e-02   2.0852060e-01
   2.0900000e+02   7.6183853e-01   1.6186004e-02   1.3320690e-02   2.0865477e-01
   2.1000000e+02   7.6063149e-01   1.7240432e-02   1.3330402e-02   2.0879768e-01
   2.1100000e+02   7.5934800e-01   1.8361407e-02   1.3340744e-02   2.0894985e-01
   2.1200000e+02   7.5798349e-01   1.9552879e-02   1.3351755e-02   2.0911188e-01
   2.1300000e+02   7.5653317e-01   2.0818986e-02   1.3363478e-02   2.0928437e-01
   2.1400000e+02   7.5499201e-01   2.2164051e-02   1.3375957e-02   2.0946798e-01
   2.1500000e+02   7.5335474e-01   2.3592587e-02   1.3389240e-02   2.0966343e-01
   2.1600000e+02   7.5161588e-01   2.5109291e-02   1.3403377e-02   2.0987146e-01
   2.1700000e+02   7.4976968e-01   2.6719047e-02   1.3418423e-02   2.1009285e-01
   2.1800000e+02   7.4781021e-01   2.8426929e-02   1.3434434e-02   2.1032843e-01
   2.1900000e+02   7.4573126e-01   3.0238194e-02   1.3451468e-02   2.1057908e-01
   2.2000000e+02   7.4352643e-01   3.2158287e-02   1.3469588e-02   2.1084570e-01
   2.2100000e+02   7.4118905e-01   3.4192842e-02   1.3488859e-02   2.1112925e-01
   2.2200000e+02   7.3871224e-01   3.6347676e-02   1.3509348e-02   2.1143074e-01
   2.2300000e+02   7.3608889e-01   3.8628797e-02   1.3531126e-02   2.1175119e-01
   2.2400000e+02   7.3331164e-01   4.1042396e-02   1.3554267e-02   2.1209169e-01
   2.2500000e+02   7.3037365e-01   4.3594144e-02   1.3578846e-02   2.1245336e-01
   2.2600000e+02   7.2726939e-01   4.6288304e-02   1.3604944e-02   2.1283737e-01
   2.2700000e+02   7.2398930e-01   4.9133015e-02   1.3632649e-02   2.1324503e-01
   2.2800000e+02   7.2052372e-01   5.2136504e-02   1.3662055e-02   2.1367772e-01
   2.2900000e+02   7.1686326e-01   5.5306618e-02   1.3693259e-02   2.1413686e-01
   2.3000000e+02   7.1299890e-01   5.8650832e-02   1.3726359e-02   2.1462391e-01
   2.3100000e+02   7.0892191e-01   6.2176247e-02   1.3761460e-02   2.1514039e-01
   2.3200000e+02   7.0462389e-01   6.5889587e-02   1.3798667e-02   2.1568786e-01
   2.3300000e+02   7.0009678e-01   6.9797202e-02   1.3838089e-02   2.1626793e-01
   2.3400000e+02   6.9533283e-01   7.3905068e-02   1.3879840e-02   2.1688226e-01
   2.3500000e+02   6.9032462e-01   7.8218785e-02   1.3924035e-02   2.1753256e-01
   2.3600000e+02   6.8506504e-01   8.2743578e-02   1.3970794e-02   2.1822058e-01
   2.3700000e+02   6.7954732e-01   8.7484300e-02   1.4020239e-02   2.1894814e-01
   2.3800000e+02   6.7376501e-01   9.2445425e-02   1.4072497e-02   2.1971707e-01
   2.3900000e+02   6.6771197e-01   9.7631056e-02   1.4127695e-02   2.2052928e-01
   2.4000000e+02   6.6138240e-01   1.0304492e-01   1.4185968e-02   2.2138672e-01
   2.4100000e+02   6.5477081e-01   1.0869036e-01   1.4247450e-02   2.2229138e-01
   2.4200000e+02   6.4787204e-01   1.1457037e-01   1.4312280e-02   2.2324531e-01
   2.4300000e+02   6.4068126e-01   1.2068754e-01   1.4380601e-02   2.2425060e-01
   2.4400000e+02   6.3319487e-01   1.2704349e-01   1.4452538e-02   2.2530910e-01
   2.4500000e+02   6.2541284e-01   1.3363693e-01   1.4528176e-02   2.2642206e-01
   2.4600000e+02   6.1733374e-01   1.4046669e-01   1.4607679e-02   2.2759190e-01
   2.4700000e+02   6.0895736e-01   1.4753041e-01   1.4691212e-02   2.2882102e-01
   2.4800000e+02   6.0028506e-01   1.5482429e-01   1.4778929e-02   2.3011171e-01
   2.4900000e+02   5.9131976e-01   1.6234315e-01   1.4870975e-02   2.3146612e-01
   2.5000000e+02   5.8206591e-01   1.7008037e-01   1.4967488e-02   2.3288623e-01
   2.5100000e+02   5.7252955e-01   1.7802792e-01   1.5068594e-02   2.3437394e-01
   2.5200000e+02   5.6271826e-01   1.8617635e-01   1.5174412e-02   2.3593097e-01
   2.5300000e+02   5.5264119e-01   1.9451483e-01   1.5285050e-02   2.3755893e-01
   2.5400000e+02   5.4230904e-01   2.0303106e-01   1.5400609e-02   2.3925929e-01
   2.5500000e+02   5.3173407e-01   2.1171138e-01   1.5521178e-02   2.4103338e-01
   2.5600000e+02   5.2093009e-01   2.2054067e-01   1.5646839e-02   2.4288240e-01
   2.5700000e+02   5.0991248e-01   2.2950244e-01   1.5777666e-02   2.4480741e-01
   2.5800000e+02   4.9869817e-01   2.3857876e-01   1.5913720e-02   2.4680935e-01
   2.5900000e+02   4.8730566e-01   2.4775027e-01   1.6055056e-02   2.4888901e-01
   2.6000000e+02   4.7575499e-01   2.5699624e-01   1.6201719e-02   2.5104705e-01
   2.6100000e+02   4.6406778e-01   2.6629449e-01   1.6353744e-02   2.5328399e-01
   2.6200000e+02   4.5226717e-01   2.7562143e-01   1.6511158e-02   2.5560023e-01
   2.6300000e+02   4.4037791e-01   2.8495208e-01   1.6673979e-02   2.5799603e-01
   2.6400000e+02   4.2842627e-01   2.9426002e-01   1.6842215e-02   2.6047149e-01
   2.6500000e+02   4.1643965e-01   3.0351780e-01   1.7015868e-02   2.6302667e-01
   2.6600000e+02   4.0443595e-01   3.1270658e-01   1.7194999e-02   2.6566246e-01
   2.6700000e+02   3.9243757e-01   3.2180484e-01   1.7379553e-02   2.6837804e-01
   2.6800000e+02   3.8047010e-01   3.3078869e-01   1.7569419e-02   2.7117179e-01
   2.6900000e+02   3.6855792e-01   3.3963555e-01   1.7764486e-02   2.7404205e-01
   2.7000000e+02   3.5672416e-01   3.4832410e-01   1.7964635e-02   2.7698710e-01
   2.7100000e+02   3.4499076e-01   3.5683435e-01   1.8169745e-02   2.8000515e-01
   2.7200000e+02   3.3337839e-01   3.6514756e-01   1.8379691e-02   2.8309436e-01
   2.7300000e+02   3.2190653e-01   3.7324633e-01   1.8594343e-02   2.8625280e-01
   2.7400000e+02   3.1059341e-01   3.8111450e-01   1.8813566e-02   2.8947852e-01
   2.7500000e+02   2.9945606e-01   3.8873725e-01   1.9037223e-02   2.9276947e-01
   2.7600000e+02   2.8851026e-01   3.9610100e-01   1.9265171e-02   2.9612356e-01
   2.7700000e+02   2.7777058e-01   4.0319351e-01   1.9497264e-02   2.9953864e-01
   2.7800000e+02   2.6725035e-01   4.1000381e-01   1.9733350e-02   3.0301249e-01
   2.7900000e+02   2.5696168e-01   4.1652222e-01   1.9973276e-02   3.0654283e-01
   2.8000000e+02   2.4691546e-01   4.2274035e-01   2.0216882e-02   3.1012732e-01
   2.8100000e+02   2.3712135e-01   4.2865110e-01   2.0464005e-02   3.1376355e-01
   2.8200000e+02   2.2758778e-01   4.3424868e-01   2.0714477e-02   3.1744907e-01
   2.8300000e+02   2.1832196e-01   4.3952857e-01   2.0968127e-02   3.2118134e-01
   2.8400000e+02   2.0932987e-01   4.4448756e-01   2.1224779e-02   3.2495779e-01
   2.8500000e+02   2.0061628e-01   4.4912371e-01   2.1484253e-02   3.2877577e-01
   2.8600000e+02   1.9218470e-01   4.5343639e-01   2.1746365e-02   3.3263255e-01
   2.8700000e+02   1.8403744e-01   4.5742625e-01   2.2010926e-02   3.3652539e-01
   2.8800000e+02   1.7617558e-01   4.6109523e-01   2.2277745e-02   3.4045144e-01
   2.8900000e+02   1.6859898e-01   4.6444659e-01   2.2546624e-02   3.4440781e-01
   2.9000000e+02   1.6130602e-01   4.6748577e-01   2.2817320e-02   3.4839089e-01
   2.9100000e+02   1.5429131e-01   4.7022262e-01   2.3089547e-02   3.5239652e-01
   2.9200000e+02   1.4754750e-01   4.7266669e-01   2.3363167e-02   3.5642265e-01
   2.9300000e+02   1.4106730e-01   4.7482730e-01   2.3638050e-02   3.6046735e-01
   2.9400000e+02   1.3484350e-01   4.7671368e-01   2.3914067e-02   3.6452875e-01
   2.9500000e+02   1.2886899e-01   4.7833496e-01   2.4191091e-02   3.6860496e-01
   2.9600000e+02   1.2313675e-01   4.7970014e-01   2.4468995e-02   3.7269412e-01
   2.9700000e+02   1.1763983e-01   4.8081811e-01   2.4747655e-02   3.7679440e-01
   2.9800000e+02   1.1237140e-01   4.8169766e-01   2.5026948e-02   3.8090399e-01
   2.9900000e+02   1.0732468e-01   4.8234747e-01   2.5306751e-02   3.8502110e-01
   3.0000000e+02   1.0249302e-01   4.8277609e-01   2.5586945e-02   3.8914395e-01
   3.0100000e+02   9.7869822e-02   4.8299199e-01   2.5867409e-02   3.9327078e-01
   3.0200000e+02   9.3448599e-02   4.8300350e-01   2.6148027e-02   3.9739987e-01
   3.0300000e+02   8.9222947e-02   4.8281886e-01   2.6428682e-02   4.0152951e-01
   3.0400000e+02   8.5186549e-02   4.8244619e-01   2.6709259e-02   4.0565800e-01
   3.0500000e+02   8.1333178e-02   4.8189351e-01   2.6989644e-02   4.0978367e-01
   3.0600000e+02   7.7656695e-02   4.8116870e-01   2.7269726e-02   4.1390487e-01
   3.0700000e+02   7.4151051e-02   4.8027957e-01   2.7549394e-02   4.1801998e-01
   3.0800000e+02   7.0810285e-02   4.7923380e-01   2.7828537e-02   4.2212738e-01
   3.0900000e+02   6.7628524e-02   4.7803894e-01   2.8107049e-02   4.2622549e-01
   3.1000000e+02   6.4599984e-02   4.7670247e-01   2.8384823e-02   4.3031273e-01
   3.1100000e+02   6.1718972e-02   4.7523172e-01   2.8661753e-02   4.3438755e-01
   3.1200000e+02   5.8979880e-02   4.7363394e-01   2.8937736e-02   4.3844844e-01
   3.1300000e+02   5.6377192e-02   4.7191625e-01   2.9212669e-02   4.4249389e-01
   3.1400000e+02   5.3905477e-02   4.7008568e-01   2.9486451e-02   4.4652239e-01
   3.1500000e+02   5.1557241e-02   4.6815080e-01   2.9759012e-02   4.5053295e-01
   3.1600000e+02   4.9320305e-02   4.6612340e-01   3.0030380e-02   4.5452592e-01
   3.1700000e+02   4.7189113e-02   4.6400952e-01   3.0300520e-02   4.5850084e-01
   3.1800000e+02   4.5158809e-02   4.6181462e-01   3.0569397e-02   4.6245717e-01
   3.1900000e+02   4.3224699e-02   4.5954395e-01   3.0836974e-02   4.6639438e-01
   3.2000000e+02   4.1382260e-02   4.5720258e-01   3.1103216e-02   4.7031195e-01
   3.2100000e+02   3.9627132e-02   4.5479539e-01   3.1368091e-02   4.7420938e-01
   3.2200000e+02   3.7955121e-02   4.5232710e-01   3.1631564e-02   4.7808621e-01
   3.2300000e+02   3.6362202e-02   4.4980223e-01   3.1893606e-02   4.8194196e-01
   3.2400000e+02   3.4844512e-02   4.4722510e-01   3.2154185e-02   4.8577620e-01
   3.2500000e+02   3.3398358e-02   4.4459988e-01   3.2413273e-02   4.8958849e-01
   3.2600000e+02   3.2020209e-02   4.4193053e-01   3.2670841e-02   4.9337842e-01
   3.2700000e+02   3.0706705e-02   4.3922082e-01   3.2926863e-02   4.9714561e-01
   3.2800000e+02   2.9454649e-02   4.3647437e-01   3.3181314e-02   5.0088966e-01
   3.2900000e+02   2.8261009e-02   4.3369459e-01   3.3434168e-02   5.0461023e-01
   3.3000000e+02   2.7122923e-02   4.3088470e-01   3.3685403e-02   5.0830697e-01
   3.3100000e+02   2.6037691e-02   4.2804776e-01   3.3934996e-02   5.1197956e-01
   3.3200000e+02   2.5002782e-02   4.2518662e-01   3.4182926e-02   5.1562767e-01
   3.3300000e+02   2.4015829e-02   4.2230397e-01   3.4429174e-02   5.1925103e-01
   3.3400000e+02   2.3074634e-02   4.1940229e-01   3.4673720e-02   5.2284936e-01
   3.3500000e+02   2.2177032e-02   4.1648400e-01   3.4916550e-02   5.2642242e-01
   3.3600000e+02   2.1320093e-02   4.1355196e-01   3.5157667e-02   5.2997028e-01
   3.3700000e+02   2.0501752e-02   4.1060824e-01   3.5397070e-02   5.3349294e-01
   3.3800000e+02   1.9720225e-02   4.0765468e-01   3.5634757e-02   5.3699033e-01
   3.3900000e+02   1.8973791e-02   4.0469304e-01   3.5870726e-02   5.4046244e-01
   3.4000000e+02   1.8260793e-02   4.0172502e-01   3.6104973e-02   5.4390922e-01
   3.4100000e+02   1.7579631e-02   3.9875223e-01   3.6337497e-02   5.4733065e-01
   3.4200000e+02   1.6928771e-02   3.9577622e-01   3.6568297e-02   5.5072671e-01
   3.4300000e+02   1.6306739e-02   3.9279850e-01   3.6797373e-02   5.5409739e-01
   3.4400000e+02   1.5712123e-02   3.8982047e-01   3.7024723e-02   5.5744268e-01
   3.4500000e+02   1.5143573e-02   3.8684349e-01   3.7250348e-02   5.6076259e-01
   3.4600000e+02   1.4599800e-02   3.8386883e-01   3.7474248e-02   5.6405712e-01
   3.4700000e+02   1.4079579e-02   3.8089770e-01   3.7696425e-02   5.6732629e-01
   3.4800000e+02   1.3581744e-02   3.7793125e-01   3.7916879e-02   5.7057012e-01
   3.4900000e+02   1.3105193e-02   3.7497055e-01   3.8135613e-02   5.7378864e-01
   3.5000000e+02   1.2648885e-02   3.7201661e-01   3.8352629e-02   5.7698188e-01
   3.5100000e+02   1.2211841e-02   3.6907035e-01   3.8567930e-02   5.8014987e-01
   3.5200000e+02   1.1793143e-02   3.6613266e-01   3.8781519e-02   5.8329268e-01
   3.5300000e+02   1.1391937e-02   3.6320431e-01   3.8993399e-02   5.8641035e-01
   3.5400000e+02   1.1007427e-02   3.6028605e-01   3.9203575e-02   5.8950294e-01
   3.5500000e+02   1.0638744e-02   3.5737865e-01   3.9412054e-02   5.9257056e-01
   3.5600000e+02   1.0285119e-02   3.5448272e-01   3.9618843e-02   5.9561331e-01
   3.5700000e+02   9.9459068e-03   3.5159880e-01   3.9823952e-02   5.9863134e-01
   3.5800000e+02   9.6204855e-03   3.4872738e-01   4.0027387e-02   6.0162475e-01
   3.5900000e+02   9.3082523e-03   3.4586892e-01   4.0229158e-02   6.0459367e-01
   3.6000000e+02   9.0086252e-03   3.4302389e-01   4.0429273e-02   6.0753821e-01
   3.6100000e+02   8.7210428e-03   3.4019270e-01   4.0627741e-02   6.1045852e-01
   3.6200000e+02   8.4449641e-03   3.3737576e-01   4.0824569e-02   6.1335470e-01
   3.6300000e+02   8.1798688e-03   3.3457347e-01   4.1019766e-02   6.1622690e-01
   3.6400000e+02   7.9252571e-03   3.3178618e-01   4.1213342e-02   6.1907522e-01
   3.6500000e+02   7.6806496e-03   3.2901423e-01   4.1405305e-02   6.2189982e-01
   3.6600000e+02   7.4455875e-03   3.2625794e-01   4.1595663e-02   6.2470081e-01
   3.6700000e+02   7.2196328e-03   3.2351761e-01   4.1784427e-02   6.2747833e-01
   3.6800000e+02   7.0023676e-03   3.2079352e-01   4.1971604e-02   6.3023251e-01
   3.6900000e+02   6.7933948e-03   3.1808591e-01   4.2157205e-02   6.3296349e-01
   3.7000000e+02   6.5923378e-03   3.1539503e-01   4.2341237e-02   6.3567140e-01
   3.7100000e+02   6.3988405e-03   3.1272107e-01   4.2523712e-02   6.3835638e-01
   3.7200000e+02   6.2125673e-03   3.1006423e-01   4.2704637e-02   6.4101856e-01
   3.7300000e+02   6.0332033e-03   3.0742468e-01   4.2884023e-02   6.4365809e-01
   3.7400000e+02   5.8604539e-03   3.0480255e-01   4.3061878e-02   6.4627512e-01
   3.7500000e+02   5.6940451e-03   3.0219798e-01   4.3238214e-02   6.4886977e-01
   3.7600000e+02   5.5337156e-03   2.9961106e-01   4.3413039e-02   6.5144219e-01
   3.7700000e+02   5.3791633e-03   2.9704192e-01   4.3586364e-02   6.5399255e-01
   3.7800000e+02   5.2301534e-03   2.9449064e-01   4.3758201e-02   6.5652101e-01
   3.7900000e+02   5.0864736e-03   2.9195725e-01   4.3928560e-02   6.5902772e-01
   3.8000000e+02   4.9479176e-03   2.8944179e-01   4.4097452e-02   6.6151284e-01
   3.8100000e+02   4.8142850e-03   2.8694429e-01   4.4264888e-02   6.6397654e-01
   3.8200000e+02   4.6853818e-03   2.8446478e-01   4.4430878e-02   6.6641896e-01
   3.8300000e+02   4.5610198e-03   2.8200328e-01   4.4595433e-02   6.6884027e-01
   3.8400000e+02   4.4410173e-03   2.7955980e-01   4.4758563e-02   6.7124062e-01
   3.8500000e+02   4.3251982e-03   2.7713435e-01   4.4920280e-02   6.7362017e-01
   3.8600000e+02   4.2133928e-03   2.7472694e-01   4.5080594e-02   6.7597907e-01
   3.8700000e+02   4.1054375e-03   2.7233757e-01   4.5239515e-02   6.7831748e-01
   3.8800000e+02   4.0011746e-03   2.6996623e-01   4.5397053e-02   6.8063554e-01
   3.8900000e+02   3.9004528e-03   2.6761290e-01   4.5553220e-02   6.8293343e-01
   3.9000000e+02   3.8031265e-03   2.6527757e-01   4.5708025e-02   6.8521128e-01
   3.9100000e+02   3.7090565e-03   2.6296022e-01   4.5861479e-02   6.8746925e-01
   3.9200000e+02   3.6181096e-03   2.6066081e-01   4.6013593e-02   6.8970749e-01
   3.9300000e+02   3.5301586e-03   2.5837931e-01   4.6164376e-02   6.9192615e-01
   3.9400000e+02   3.4450826e-03   2.5611568e-01   4.6313839e-02   6.9412539e-01
   3.9500000e+02   3.3627666e-03   2.5386988e-01   4.6461992e-02   6.9630536e-01
   3.9600000e+02   3.2831018e-03   2.5164185e-01   4.6608845e-02   6.9846620e-01
   3.9700000e+02   3.2059854e-03   2.4943154e-01   4.6754409e-02   7.0060807e-01
   3.9800000e+02   3.1313208e-03   2.4723888e-01   4.6898693e-02   7.0273111e-01
   3.9900000e+02   3.0590174e-03   2.4506381e-01   4.7041708e-02   7.0483547e-01
   4.0000000e+02   2.9889908e-03   2.4290625e-01   4.7183464e-02   7.0692130e-01
   4.0100000e+02   2.9211621e-03   2.4076612e-01   4.7323970e-02   7.0898875e-01
   4.0200000e+02   2.8554339e-03   2.3864336e-01   4.7463237e-02   7.1103797e-01
   4.0300000e+02   2.7917230e-03   2.3653788e-01   4.7601276e-02   7.1306912e-01
   4.0400000e+02   2.7299627e-03   2.3444961e-01   4.7738097e-02   7.1508233e-01
   4.0500000e+02   2.6700880e-03   2.3237843e-01   4.7873709e-02   7.1707777e-01
   4.0600000e+02   2.6120355e-03   2.3032427e-01   4.8008123e-02   7.1905557e-01
   4.0700000e+02   2.5557435e-03   2.2828702e-01   4.8141348e-02   7.2101588e-01
   4.0800000e+02   2.5011518e-03   2.2626660e-01   4.8273394e-02   7.2295885e-01
   4.0900000e+02   2.4482018e-03   2.2426291e-01   4.8404272e-02   7.2488462e-01
   4.1000000e+02   2.3968367e-03   2.2227584e-01   4.8533990e-02   7.2679333e-01
   4.1100000e+02   2.3470011e-03   2.2030531e-01   4.8662559e-02   7.2868513e-01
   4.1200000e+02   2.2986414e-03   2.1835122e-01   4.8789987e-02   7.3056015e-01
   4.1300000e+02   2.2517055e-03   2.1641347e-01   4.8916286e-02   7.3241854e-01
   4.1400000e+02   2.2061430e-03   2.1449196e-01   4.9041463e-02   7.3426043e-01
   4.1500000e+02   2.1619051e-03   2.1258660e-01   4.9165528e-02   7.3608597e-01
   4.1600000e+02   2.1189445e-03   2.1069728e-01   4.9288492e-02   7.3789528e-01
   4.1700000e+02   2.0772157e-03   2.0882390e-01   4.9410362e-02   7.3968852e-01
   4.1800000e+02   2.0366747e-03   2.0696637e-01   4.9531149e-02   7.4146581e-01
   4.1900000e+02   1.9972792e-03   2.0512458e-01   4.9650861e-02   7.4322728e-01
   4.2000000e+02   1.9589884e-03   2.0329842e-01   4.9769507e-02   7.4497308e-01
   4.2100000e+02   1.9217633e-03   2.0148780e-01   4.9887097e-02   7.4670334e-01
   4.2200000e+02   1.8855663e-03   1.9969262e-01   5.0003640e-02   7.4841818e-01
   4.2300000e+02   1.8503616e-03   1.9791276e-01   5.0119144e-02   7.5011774e-01
   4.2400000e+02   1.8161149e-03   1.9614812e-01   5.0233618e-02   7.5180215e-01
   4.2500000e+02   1.7827937e-03   1.9439860e-01   5.0347072e-02   7.5347154e-01
   4.2600000e+02   1.7503668e-03   1.9266409e-01   5.0459513e-02   7.5512603e-01
   4.2700000e+02   1.7188050e-03   1.9094448e-01   5.0570951e-02   7.5676576e-01
   4.2800000e+02   1.6880804e-03   1.8923967e-01   5.0681394e-02   7.5839085e-01
   4.2900000e+02   1.6581669e-03   1.8754955e-01   5.0790851e-02   7.6000143e-01
   4.3000000e+02   1.6290400e-03   1.8587401e-01   5.0899330e-02   7.6159762e-01
   4.3100000e+02   1.6006767e-03   1.8421294e-01   5.1006840e-02   7.6317955e-01
   4.3200000e+02   1.5730546e-03   1.8256622e-01   5.1113389e-02   7.6474734e-01
   4.3300000e+02   1.5461411e-03   1.8093376e-01   5.1218985e-02   7.6630112e-01
   4.3400000e+02   1.5199131e-03   1.7931544e-01   5.1323638e-02   7.6784101e-01
   4.3500000e+02   1.4943519e-03   1.7771115e-01   5.1427356e-02   7.6936714e-01
   4.3600000e+02   1.4694390e-03   1.7612080e-01   5.1530146e-02   7.7087962e-01
   4.3700000e+02   1.4451564e-03   1.7454426e-01   5.1632016e-02   7.7237856e-01
   4.3800000e+02   1.4214863e-03   1.7298145e-01   5.1732974e-02   7.7386409e-01
   4.3900000e+02   1.3984115e-03   1.7143224e-01   5.1833028e-02   7.7533632e-01
   4.4000000e+02   1.3759149e-03   1.6989653e-01   5.1932187e-02   7.7679537e-01
   4.4100000e+02   1.3539799e-03   1.6837423e-01   5.2030456e-02   7.7824134e-01
   4.4200000e+02   1.3325903e-03   1.6686522e-01   5.2127846e-02   7.7967435e-01
   4.4300000e+02   1.3117303e-03   1.6536939e-01   5.2224362e-02   7.8109451e-01
   4.4400000e+02   1.2913844e-03   1.6388666e-01   5.2320012e-02   7.8250194e-01
   4.4500000e+02   1.2715375e-03   1.6241691e-01   5.2414805e-02   7.8389675e-01
   4.4600000e+02   1.2521747e-03   1.6096004e-01   5.2508747e-02   7.8527904e-01
   4.4700000e+02   1.2332818e-03   1.5951594e-01   5.2601846e-02   7.8664893e-01
   4.4800000e+02   1.2148447e-03   1.5808453e-01   5.2694110e-02   7.8800652e-01
   4.4900000e+02   1.1968499e-03   1.5666569e-01   5.2785545e-02   7.8935192e-01
   4.5000000e+02   1.1792840e-03   1.5525932e-01   5.2876159e-02   7.9068524e-01
   4.5100000e+02   1.1621341e-03   1.5386532e-01   5.2965959e-02   7.9200658e-01
   4.5200000e+02   1.1453878e-03   1.5248360e-01   5.3054952e-02   7.9331606e-01
   4.5300000e+02   1.1290329e-03   1.5111405e-01   5.3143146e-02   7.9461377e-01
   4.5400000e+02   1.1130575e-03   1.4975658e-01   5.3230547e-02   7.9589982e-01
   4.5500000e+02   1.0974504e-03   1.4841108e-01   5.3317163e-02   7.9717430e-01
   4.5600000e+02   1.0822005e-03   1.4707746e-01   5.3403000e-02   7.9843734e-01
   4.5700000e+02   1.0672970e-03   1.4575562e-01   5.3488066e-02   7.9968902e-01
   4.5800000e+02   1.0527297e-03   1.4444546e-01   5.3572366e-02   8.0092944e-01
   4.5900000e+02   1.0384887e-03   1.4314689e-01   5.3655909e-02   8.0215871e-01
   4.6000000e+02   1.0245645e-03   1.4185981e-01   5.3738701e-02   8.0337693e-01
   4.6100000e+02   1.0109478e-03   1.4058412e-01   5.3820747e-02   8.0458419e-01
   4.6200000e+02   9.9762975e-04   1.3931972e-01   5.3902056e-02   8.0578059e-01
   4.6300000e+02   9.8460203e-04   1.3806653e-01   5.3982634e-02   8.0696623e-01
   4.6400000e+02   9.7185651e-04   1.3682445e-01   5.4062487e-02   8.0814121e-01
   4.6500000e+02   9.5938550e-04   1.3559338e-01   5.4141621e-02   8.0930562e-01
   4.6600000e+02   9.4718167e-04   1.3437323e-01   5.4220044e-02   8.1045955e-01
   4.6700000e+02   9.3523806e-04   1.3316390e-01   5.4297761e-02   8.1160310e-01
   4.6800000e+02   9.2354807e-04   1.3196531e-01   5.4374778e-02   8.1273636e-01
   4.6900000e+02   9.1210550e-04   1.3077736e-01   5.4451103e-02   8.1385943e-01
   4.7000000e+02   9.0090448e-04   1.2959997e-01   5.4526742e-02   8.1497239e-01
   4.7100000e+02   8.8993955e-04   1.2843302e-01   5.4601699e-02   8.1607534e-01
   4.7200000e+02   8.7920322e-04   1.2727644e-01   5.4675983e-02   8.1716837e-01
   4.7300000e+02   8.6868569e-04   1.2613012e-01   5.4749600e-02   8.1825160e-01
   4.7400000e+02   8.5838218e-04   1.2499397e-01   5.4822556e-02   8.1932509e-01
   4.7500000e+02   8.4828815e-04   1.2386791e-01   5.4894857e-02   8.2038895e-01
   4.7600000e+02   8.3839913e-04   1.2275185e-01   5.4966508e-02   8.2144324e-01
   4.7700000e+02   8.2871069e-04   1.2164573e-01   5.5037515e-02   8.2248805e-01
   4.7800000e+02   8.1921850e-04   1.2054944e-01   5.5107882e-02   8.2352346e-01
   4.7900000e+02   8.0991826e-04   1.1946291e-01   5.5177617e-02   8.2454955e-01
   4.8000000e+02   8.0080576e-04   1.1838606e-01   5.5246723e-02   8.2556641e-01
   4.8100000e+02   7.9187685e-04   1.1731882e-01   5.5315207e-02   8.2657410e-01
   4.8200000e+02   7.8312742e-04   1.1626109e-01   5.5383074e-02   8.2757271e-01
   4.8300000e+02   7.7455347e-04   1.1521280e-01   5.5450329e-02   8.2856232e-01
   4.8400000e+02   7.6615103e-04   1.1417386e-01   5.5516978e-02   8.2954301e-01
   4.8500000e+02   7.5791620e-04   1.1314421e-01   5.5583025e-02   8.3051485e-01
   4.8600000e+02   7.4984515e-04   1.1212376e-01   5.5648477e-02   8.3147792e-01
   4.8700000e+02   7.4193411e-04   1.1111243e-01   5.5713337e-02   8.3243229e-01
